%YAML:1.0
K1: !!opencv-matrix
   rows: 3
   cols: 3
   dt: d
   data: [ 2.2612824588592795e+02, 0., 1.5821317621322333e+02, 0.,
       2.2685099651759677e+02, 9.7776193182807532e+01, 0., 0., 1. ]
K2: !!opencv-matrix
   rows: 3
   cols: 3
   dt: d
   data: [ 2.2770319391779412e+02, 0., 1.6365239089815171e+02, 0.,
       2.2803441340283817e+02, 9.1516608236064769e+01, 0., 0., 1. ]
D1: !!opencv-matrix
   rows: 1
   cols: 5
   dt: d
   data: [ 1.2507032281529659e-01, -3.6011410892489054e-01,
       1.7439150108821847e-03, -9.4957373816396246e-05,
       3.6795666602896776e-01 ]
D2: !!opencv-matrix
   rows: 1
   cols: 5
   dt: d
   data: [ 1.2855767717462591e-01, -3.2038525881688268e-01,
       1.6075259435929510e-03, -1.0257308429540617e-03,
       2.4574549502408036e-01 ]
R: !!opencv-matrix
   rows: 3
   cols: 3
   dt: d
   data: [ 9.9812636246486564e-01, -6.0557315109603799e-02,
       8.7507793579559862e-03, 6.0356934872252604e-02,
       9.9794335801332201e-01, 2.1589224393691805e-02,
       -1.0040167602293025e-02, -2.1020603792723733e-02,
       9.9972862780391913e-01 ]
T: [ -9.4232705756864210e-02, -2.0800381181734170e-03,
    3.6741216375300425e-03 ]
E: !!opencv-matrix
   rows: 3
   cols: 3
   dt: d
   data: [ -2.0087478906351556e-04, -3.6228416275502500e-03,
       -2.1587950901437109e-03, 2.7211255059048376e-03,
       -2.2033233137862796e-03, 9.4239285048344640e-02,
       -3.6114564035224996e-03, -9.4164864341448579e-02,
       -2.0162090751814016e-03 ]
F: !!opencv-matrix
   rows: 3
   cols: 3
   dt: d
   data: [ -9.7838673598492046e-07, -1.7589301544164832e-05,
       -5.0306017653330029e-04, 1.3234344192136939e-05,
       -1.0681843345731865e-05, 1.0259374305072223e-01,
       -5.0563614517609859e-03, -1.0024546624364850e-01, 1. ]
R1: !!opencv-matrix
   rows: 3
   cols: 3
   dt: d
   data: [ 9.9884804703724150e-01, -3.7671907979723730e-02,
       -2.9722151319443280e-02, 3.8002320544327298e-02,
       9.9922109860922070e-01, 1.0631073672410889e-02,
       2.9298507865330864e-02, -1.1748337897305131e-02,
       9.9950166282678887e-01 ]
R2: !!opencv-matrix
   rows: 3
   cols: 3
   dt: d
   data: [ 9.9899778545848483e-01, 2.2051297975947872e-02,
       -3.8950801103686296e-02, -2.2485998782461807e-02,
       9.9968927876499447e-01, -1.0757591788133064e-02,
       3.8701479400639151e-02, 1.1622658039404724e-02,
       9.9918322109225843e-01 ]
P1: !!opencv-matrix
   rows: 3
   cols: 4
   dt: d
   data: [ 2.2685099651759677e+02, 0., 1.7208684349060059e+02, 0., 0.,
       2.2685099651759677e+02, 9.4704749107360840e+01, 0., 0., 0., 1.,
       0. ]
P2: !!opencv-matrix
   rows: 3
   cols: 4
   dt: d
   data: [ 2.2685099651759677e+02, 0., 1.7208684349060059e+02,
       -2.1398228821581778e+01, 0., 2.2685099651759677e+02,
       9.4704749107360840e+01, 0., 0., 0., 1., 0. ]
Q: !!opencv-matrix
   rows: 4
   cols: 4
   dt: d
   data: [ 1., 0., 0., -1.7208684349060059e+02, 0., 1., 0.,
       -9.4704749107360840e+01, 0., 0., 0., 2.2685099651759677e+02, 0.,
       0., 1.0601391283786997e+01, 0. ]
XR: !!opencv-matrix
   rows: 3
   cols: 3
   dt: d
   data: [-3.6726e-06,  -5.2201e-01,   8.5294e-01,
          -9.9984e-01,   1.5354e-02,   9.3925e-03,
          -1.7999e-02,  -8.5280e-01,  -5.2192e-01 ]
XT: !!opencv-matrix
   rows: 3
   cols: 1
   dt: d
   data: [ 0.262329,
           0.051618,
           0.244386 ]
