%YAML:1.0
K1: !!opencv-matrix
   rows: 3
   cols: 3
   dt: d
   data: [ 1.5881524219309398e+02, 0., 1.4181411205043719e+02, 0.,
       1.5890570228932322e+02, 9.0497783986855225e+01, 0., 0., 1. ]
K2: !!opencv-matrix
   rows: 3
   cols: 3
   dt: d
   data: [ 1.5854972791485108e+02, 0., 1.4172775226429184e+02, 0.,
       1.5870606266152038e+02, 8.8077174663532986e+01, 0., 0., 1. ]
D1: !!opencv-matrix
   rows: 1
   cols: 5
   dt: d
   data: [ -1.5814895157174025e-01, 1.0869359642150930e-01,
       -8.3888951151947012e-04, -8.3087223382164802e-05,
       -3.8388059144923006e-02 ]
D2: !!opencv-matrix
   rows: 1
   cols: 5
   dt: d
   data: [ -1.5622421920963805e-01, 1.0077222454581208e-01,
       1.2681172361017618e-04, -1.2597657515908279e-03,
       -2.7286801005381254e-02 ]
R: !!opencv-matrix
   rows: 3
   cols: 3
   dt: d
   data: [ 9.9995324890323678e-01, -5.7540053721955127e-03,
       -7.7711923176615244e-03, 5.8611132462711929e-03,
       9.9988716951601087e-01, 1.3830964853350659e-02,
       7.6907320442023376e-03, -1.3875866078806830e-02,
       9.9987414857130263e-01 ]
T: [ -5.6180247442130619e-02, 1.0096530816304163e-03,
    -1.4461913476073892e-03 ]
E: !!opencv-matrix
   rows: 3
   cols: 3
   dt: d
   data: [ 1.6241262572527136e-05, 1.4320183621909395e-03,
       1.0295282370475821e-03, -1.0140565073213487e-03,
       -7.7122819699787883e-04, 5.6184415708815848e-02,
       -1.3388846717033648e-03, -5.6168099048365339e-02,
       -7.6918081955318232e-04 ]
F: !!opencv-matrix
   rows: 3
   cols: 3
   dt: d
   data: [ 2.0862461966489029e-06, 1.8384298219849946e-04,
       4.0695108339095856e-03, -1.3013074325677617e-04,
       -9.8912995131274982e-05, 1.1724593497422238e+00,
       -1.6102203337058259e-02, -1.1606265455208853e+00, 1. ]
R1: !!opencv-matrix
   rows: 3
   cols: 3
   dt: d
   data: [ 9.9955341549068744e-01, -2.4068985182304364e-02,
       1.7710266321975240e-02, 2.3947020380359469e-02,
       9.9968825136867134e-01, 7.0668444408224845e-03,
       -1.7874836944820730e-02, -6.6395803890115720e-03,
       9.9981818656016352e-01 ]
R2: !!opencv-matrix
   rows: 3
   cols: 3
   dt: d
   data: [ 9.9950754845669698e-01, -1.7962823632124481e-02,
       2.5729312957106922e-02, 1.8138771454766084e-02,
       9.9981355353487622e-01, -6.6214151111967014e-03,
       -2.5605576505818524e-02, 7.0848525125234412e-03,
       9.9964701735996819e-01 ]
P1: !!opencv-matrix
   rows: 3
   cols: 4
   dt: d
   data: [ 1.3020702689994349e+02, 0., 1.3552387809753418e+02, 0., 0.,
       1.3020702689994349e+02, 8.9065752983093262e+01, 0., 0., 0., 1.,
       0. ]
P2: !!opencv-matrix
   rows: 3
   cols: 4
   dt: d
   data: [ 1.3020702689994349e+02, 0., 1.3552387809753418e+02,
       -7.3186670788408801e+00, 0., 1.3020702689994349e+02,
       8.9065752983093262e+01, 0., 0., 0., 1., 0. ]
Q: !!opencv-matrix
   rows: 4
   cols: 4
   dt: d
   data: [ 1., 0., 0., -1.3552387809753418e+02, 0., 1., 0.,
       -8.9065752983093262e+01, 0., 0., 0., 1.3020702689994349e+02, 0.,
       0., 1.7791084837891752e+01, 0. ]
XR: !!opencv-matrix
   rows: 3
   cols: 3
   dt: d
   data: [-3.6726e-06,  -5.0485e-01,   8.6321e-01,
          -9.9984e-01,   1.5539e-02,   9.0836e-03,
          -1.7999e-02,  -8.6307e-01,  -5.0476e-01 ]
XT: !!opencv-matrix
   rows: 3
   cols: 1
   dt: d
   data: [ 0.262329,
           0.051618,
           0.244386 ]