%YAML:1.0
K1: !!opencv-matrix
   rows: 3
   cols: 3
   dt: d
   data: [ 1.0581656186738667e+03, 0., 9.5572389249959360e+02, 0.,
       1.0578588971029485e+03, 6.0515799043032951e+02, 0., 0., 1. ]
K2: !!opencv-matrix
   rows: 3
   cols: 3
   dt: d
   data: [ 1.0601317942185262e+03, 0., 9.5516936144262820e+02, 0.,
       1.0595539172687775e+03, 5.8822773620874364e+02, 0., 0., 1. ]
D1: !!opencv-matrix
   rows: 1
   cols: 5
   dt: d
   data: [ -1.5983311844035847e-01, 1.0886116894435723e-01,
       -2.9361072127612382e-04, 9.9773051554828598e-04,
       -3.6801712665695541e-02 ]
D2: !!opencv-matrix
   rows: 1
   cols: 5
   dt: d
   data: [ -1.5836014860696934e-01, 9.8562527752188947e-02,
       2.0402091483953048e-04, -1.3986953516353757e-04,
       -2.4984947474650365e-02 ]
R: !!opencv-matrix
   rows: 3
   cols: 3
   dt: d
   data: [ 9.9976994762288030e-01, -1.5602912738779518e-04,
       2.1448251328596766e-02, -1.6535369261231136e-04,
       9.9988775715647049e-01, 1.4981513500294837e-02,
       -2.1448181468357305e-02, -1.4981613515058502e-02,
       9.9965770480109128e-01 ]
T: [ -7.2204390306886843e-02, 9.9000480743330495e-04,
    -4.3824462825169314e-04 ]
E: !!opencv-matrix
   rows: 3
   cols: 3
   dt: d
   data: [ -2.1306268131924581e-05, 4.2336356902544092e-04,
       9.9623150135540834e-04, -1.9867966751474118e-03,
       -1.0816698907412867e-03, 7.2170275509814516e-02,
       -9.7783779191393076e-04, -7.2196131411217265e-02,
       -1.1029649200895316e-03 ]
F: !!opencv-matrix
   rows: 3
   cols: 3
   dt: d
   data: [ 1.8579846671195414e-08, -3.6929559278395504e-07,
       -7.1355680831217485e-04, 1.7335044472848709e-06,
       9.4404387761152889e-07, -6.8860154150756692e-02,
       -1.3345689958163401e-04, 6.6560209347349505e-02, 1. ]
R1: !!opencv-matrix
   rows: 3
   cols: 3
   dt: d
   data: [ 9.9952967707752438e-01, -1.3954996577625061e-02,
       2.7307191576912491e-02, 1.3747991827115127e-02,
       9.9987542850477573e-01, 7.7537212429317250e-03,
       -2.7411993032636341e-02, -7.3746554434758280e-03,
       9.9959701735002626e-01 ]
R2: !!opencv-matrix
   rows: 3
   cols: 3
   dt: d
   data: [ 9.9988760179326930e-01, -1.3709603092843444e-02,
       6.0688189247049395e-03, 1.3755123140258894e-02,
       9.9987708884176885e-01, -7.5235494752172753e-03,
       -5.9649281219872115e-03, 7.6061811933732619e-03,
       9.9995328172877807e-01 ]
P1: !!opencv-matrix
   rows: 3
   cols: 4
   dt: d
   data: [ 8.6422047788263103e+02, 0., 9.2777632904052734e+02, 0., 0.,
       8.6422047788263103e+02, 5.9660762786865234e+02, 0., 0., 0., 1.,
       0. ]
P2: !!opencv-matrix
   rows: 3
   cols: 4
   dt: d
   data: [ 8.6422047788263103e+02, 0., 9.2777632904052734e+02,
       -6.2407527190384428e+01, 0., 8.6422047788263103e+02,
       5.9660762786865234e+02, 0., 0., 0., 1., 0. ]
Q: !!opencv-matrix
   rows: 4
   cols: 4
   dt: d
   data: [ 1., 0., 0., -9.2777632904052734e+02, 0., 1., 0.,
       -5.9660762786865234e+02, 0., 0., 0., 8.6422047788263103e+02, 0.,
       0., 1.3848016686291452e+01, 0. ]
XR: !!opencv-matrix
   rows: 3
   cols: 3
   dt: d
   data: [ 0.00080,   0.00080,   1.00000,
          -1.00000,   0.00000,   0.00080,
           0.00000,  -1.00000,   0.00080 ]
XT: !!opencv-matrix
   rows: 3
   cols: 1
   dt: d
   data: [ 0.,
           0.,
           0.244386 ]