%YAML:1.0
K1: !!opencv-matrix
   rows: 3
   cols: 3
   dt: d
   data: [ 2.3115733773486599e+02, 0., 1.5632862498267315e+02, 0.,
       2.3135198959904190e+02, 9.2618693705094529e+01, 0., 0., 1. ]
K2: !!opencv-matrix
   rows: 3
   cols: 3
   dt: d
   data: [ 2.3010989377203632e+02, 0., 1.6280345427643528e+02, 0.,
       2.3036569194409458e+02, 8.8738120910307288e+01, 0., 0., 1. ]
D1: !!opencv-matrix
   rows: 1
   cols: 5
   dt: d
   data: [ 1.1663304648374587e-01, -1.9036474048345850e-01,
       -3.2186921901312632e-03, -3.6374300381286804e-03,
       1.2749545912128020e-02 ]
D2: !!opencv-matrix
   rows: 1
   cols: 5
   dt: d
   data: [ 1.3078773858483780e-01, -2.8613307644012903e-01,
       -2.4305012853528762e-03, -1.5531959571993968e-03,
       2.0147808557242070e-01 ]
R: !!opencv-matrix
   rows: 3
   cols: 3
   dt: d
   data: [ 9.9869129040266724e-01, -4.8378593640283282e-02,
       1.6589700155328534e-02, 4.8249904727340268e-02,
       9.9880267929248545e-01, 8.0718357239940725e-03,
       -1.6960341024223315e-02, -7.2608205831642776e-03,
       9.9982979917424009e-01 ]
T: [ -9.4068660190244527e-02, -3.6636378673150834e-03,
    3.8287636935846323e-04 ]
E: !!opencv-matrix
   rows: 3
   cols: 3
   dt: d
   data: [ 4.3662799275026233e-05, -3.5581692631675096e-04,
       -3.6661048282808418e-03, -1.2130612611390350e-03,
       -7.0153868442767364e-04, 9.4059001430766245e-02,
       -8.7996066273086796e-04, -9.4133271483098580e-02,
       -6.9852811813541033e-04 ]
F: !!opencv-matrix
   rows: 3
   cols: 3
   dt: d
   data: [ 2.3867508329116649e-07, -1.9433747531750420e-06,
       -4.4897404355025193e-03, -6.6236249363976703e-06,
       -3.8273578338748231e-06, 1.2010917030413694e-01,
       -5.5795257481018991e-04, -1.1765042228922185e-01, 1. ]
R1: !!opencv-matrix
   rows: 3
   cols: 3
   dt: d
   data: [ 9.9987317901147277e-01, -9.4420123935648470e-03,
       1.2824753231572943e-02, 9.3942468098617386e-03,
       9.9994872993095307e-01, 3.7796344200447481e-03,
       -1.2859783060626469e-02, -3.6586761859383333e-03,
       9.9991061603935383e-01 ]
R2: !!opencv-matrix
   rows: 3
   cols: 3
   dt: d
   data: [ 9.9923418547739762e-01, 3.8916597651406031e-02,
       -4.0670628910920775e-03, -3.8931457795818705e-02,
       9.9923525071185015e-01, -3.6407868268070733e-03,
       3.9222655715678515e-03, 3.7963353466789222e-03,
       9.9998510172438149e-01 ]
P1: !!opencv-matrix
   rows: 3
   cols: 4
   dt: d
   data: [ 2.3036569194409458e+02, 0., 1.5679441642761230e+02, 0., 0.,
       2.3036569194409458e+02, 9.0015380859375000e+01, 0., 0., 0., 1.,
       0. ]
P2: !!opencv-matrix
   rows: 3
   cols: 4
   dt: d
   data: [ 2.3036569194409458e+02, 0., 1.5679441642761230e+02,
       -2.1686800061415390e+01, 0., 2.3036569194409458e+02,
       9.0015380859375000e+01, 0., 0., 0., 1., 0. ]
Q: !!opencv-matrix
   rows: 4
   cols: 4
   dt: d
   data: [ 1., 0., 0., -1.5679441642761230e+02, 0., 1., 0.,
       -9.0015380859375000e+01, 0., 0., 0., 2.3036569194409458e+02, 0.,
       0., 1.0622392021493086e+01, 0. ]
XR: !!opencv-matrix
   rows: 3
   cols: 3
   dt: d
   data: [-3.6726e-06,  -2.7559e-01,   9.6128e-01,
          -9.9982e-01,   1.8015e-02,   5.1610e-03,
          -1.8740e-02,  -9.6111e-01,  -2.7554e-01 ]
XT: !!opencv-matrix
   rows: 3
   cols: 1
   dt: d
   data: [ 0.262329,
           0.051618,
           0.244386 ]
