%YAML:1.0
K1: !!opencv-matrix
   rows: 3
   cols: 3
   dt: d
   data: [ 3.5267552231347923e+02, 0., 3.2483573274146033e+02, 0.,
       3.5268876067469313e+02, 1.9869012076018177e+02, 0., 0., 1. ]
K2: !!opencv-matrix
   rows: 3
   cols: 3
   dt: d
   data: [ 3.5322660834887324e+02, 0., 3.2519631796140868e+02, 0.,
       3.5309404783174926e+02, 2.0187779441405760e+02, 0., 0., 1. ]
D1: !!opencv-matrix
   rows: 1
   cols: 5
   dt: d
   data: [ -1.5375063511410117e-01, 9.0789160179582384e-02,
       -4.1887975327668456e-04, -1.2514998468253461e-04,
       -1.9770243850194769e-02 ]
D2: !!opencv-matrix
   rows: 1
   cols: 5
   dt: d
   data: [ -1.5352508024061995e-01, 9.5962592378274578e-02,
       -4.2687683701725441e-04, 3.5805984060224513e-04,
       -2.6466952832651124e-02 ]
R: !!opencv-matrix
   rows: 3
   cols: 3
   dt: d
   data: [ 9.9976387024463198e-01, 7.6562544860707803e-03,
       2.0336802126174679e-02, -7.3303980756367817e-03,
       9.9984432732134310e-01, -1.6049498041482615e-02,
       -2.0456515283091659e-02, 1.5896631422265998e-02,
       9.9966435771807793e-01 ]
T: [ -7.3788647669179461e-02, -2.5582793748107399e-05,
    -2.6518385381257712e-04 ]
E: !!opencv-matrix
   rows: 3
   cols: 3
   dt: d
   data: [ -1.4205684003853203e-06, 2.6473589168875202e-04,
       -2.9830274823233612e-05, -1.7745798347772843e-03,
       1.1709606200740069e-03, 7.3758488087533783e-02,
       5.6647691376727170e-04, -7.3776964924362920e-02,
       1.1847910284644365e-03 ]
F: !!opencv-matrix
   rows: 3
   cols: 3
   dt: d
   data: [ 3.3685325047805078e-08, -6.2773322493678779e-06,
       1.4857675915781131e-03, 4.2095643170037360e-05,
       -2.7775865164518044e-05, -6.2521756222969316e-01,
       -1.3253889606935012e-02, 6.2557472141288595e-01, 1. ]
R1: !!opencv-matrix
   rows: 3
   cols: 3
   dt: d
   data: [ 9.9968129572089015e-01, 8.0599814239326623e-03,
       2.3923705508302220e-02, -7.8687361774094564e-03,
       9.9993641753734086e-01, -8.0773679846207515e-03,
       -2.3987287816100364e-02, 7.8865443658492629e-03,
       9.9968115538965374e-01 ]
R2: !!opencv-matrix
   rows: 3
   cols: 3
   dt: d
   data: [ 9.9999348215506745e-01, 3.4670139393305560e-04,
       3.5938065510289132e-03, -3.7537828651011722e-04,
       9.9996807342691829e-01, 7.9819307187621834e-03,
       -3.5909244665949299e-03, -7.9832277307206514e-03,
       9.9996168593425350e-01 ]
P1: !!opencv-matrix
   rows: 3
   cols: 4
   dt: d
   data: [ 2.9061110785024630e+02, 0., 3.1704429244995117e+02, 0., 0.,
       2.9061110785024630e+02, 1.9995664596557617e+02, 0., 0., 0., 1.,
       0. ]
P2: !!opencv-matrix
   rows: 3
   cols: 4
   dt: d
   data: [ 2.9061110785024630e+02, 0., 3.1704429244995117e+02,
       -2.1443940414190102e+01, 0., 2.9061110785024630e+02,
       1.9995664596557617e+02, 0., 0., 0., 1., 0. ]
Q: !!opencv-matrix
   rows: 4
   cols: 4
   dt: d
   data: [ 1., 0., 0., -3.1704429244995117e+02, 0., 1., 0.,
       -1.9995664596557617e+02, 0., 0., 0., 2.9061110785024630e+02, 0.,
       0., 1.3552131848768809e+01, 0. ]
XR: !!opencv-matrix
   rows: 3
   cols: 3
   dt: d
   data: [ 0.00080,   0.00080,   1.00000,
          -1.00000,   0.00000,   0.00080,
           0.00000,  -1.00000,   0.00080 ]
XT: !!opencv-matrix
   rows: 3
   cols: 1
   dt: d
   data: [ 0.262329,
           0.051618,
           0.244386 ]
