%YAML:1.0
K1: !!opencv-matrix
   rows: 3
   cols: 3
   dt: d
   data: [ 1.9533157899952320e+02, 0., 1.3194595221460264e+02, 0.,
       2.3149798820693471e+02, 9.2850710418980185e+01, 0., 0., 1. ]
K2: !!opencv-matrix
   rows: 3
   cols: 3
   dt: d
   data: [ 1.9519899439720666e+02, 0., 1.3632483410661737e+02, 0.,
       2.3134766117720653e+02, 8.8525571254872318e+01, 0., 0., 1. ]
D1: !!opencv-matrix
   rows: 1
   cols: 5
   dt: d
   data: [ 1.1232298382955218e-01, -1.7889610705982706e-01,
       -2.9236050493423181e-03, -2.3260001465621113e-03,
       -2.2157814865058193e-02 ]
D2: !!opencv-matrix
   rows: 1
   cols: 5
   dt: d
   data: [ 9.4955340820746859e-02, -5.2868784300021648e-02,
       -2.5416261829604202e-03, -3.7480938634234062e-03,
       -3.0409126298069433e-01 ]
R: !!opencv-matrix
   rows: 3
   cols: 3
   dt: d
   data: [ 9.9965599636127855e-01, -1.1902499492841537e-02,
       2.3371338103803443e-02, 1.2012669641521265e-02,
       9.9991736006294962e-01, -4.5791716309006789e-03,
       -2.3314903109879333e-02, 4.8583485429185922e-03,
       9.9971636564698318e-01 ]
T: [ -9.3800217520299170e-02, -7.0862217479836492e-04,
    1.6747029780066255e-03 ]
E: !!opencv-matrix
   rows: 3
   cols: 3
   dt: d
   data: [ -3.5961962755295893e-06, -1.6780073141683565e-03,
       -7.0075243283920980e-04, -5.1281610908296741e-04,
       4.3578099876880841e-04, 9.3812752605812399e-02,
       -4.1841261918243336e-04, -9.3800900251304137e-02,
       4.4608874347633185e-04 ]
F: !!opencv-matrix
   rows: 3
   cols: 3
   dt: d
   data: [ -3.9211054399359369e-08, -1.5437757795849371e-05,
       -5.3877792752304116e-05, -4.7177970636501173e-06,
       3.3827595283945452e-06, 1.6889068769916132e-01,
       -4.6753668456867324e-04, -1.6664643941819826e-01, 1. ]
R1: !!opencv-matrix
   rows: 3
   cols: 3
   dt: d
   data: [ 9.9997511483543244e-01, -4.4344413235831879e-03,
       5.4868424445568848e-03, 4.4473240370730078e-03,
       9.9998737754781863e-01, -2.3379593550289274e-03,
       -5.4764056435736988e-03, 2.3623029408169536e-03,
       9.9998221409485211e-01 ]
R2: !!opencv-matrix
   rows: 3
   cols: 3
   dt: d
   data: [ 9.9981213554279724e-01, 7.5531706493632981e-03,
       -1.7850580788670946e-02, -7.5111963512481455e-03,
       9.9996886880548586e-01, 2.4173020601838133e-03,
       1.7868283373739850e-02, -2.2827687177568376e-03,
       9.9983774354454980e-01 ]
P1: !!opencv-matrix
   rows: 3
   cols: 4
   dt: d
   data: [ 2.3134766117720653e+02, 0., 1.3508984756469727e+02, 0., 0.,
       2.3134766117720653e+02, 8.9547934532165527e+01, 0., 0., 0., 1.,
       0. ]
P2: !!opencv-matrix
   rows: 3
   cols: 4
   dt: d
   data: [ 2.3134766117720653e+02, 0., 1.3508984756469727e+02,
       -2.1704538452569672e+01, 0., 2.3134766117720653e+02,
       8.9547934532165527e+01, 0., 0., 0., 1., 0. ]
Q: !!opencv-matrix
   rows: 4
   cols: 4
   dt: d
   data: [ 1., 0., 0., -1.3508984756469727e+02, 0., 1., 0.,
       -8.9547934532165527e+01, 0., 0., 0., 2.3134766117720653e+02, 0.,
       0., 1.0658953272964739e+01, 0. ]
XR: !!opencv-matrix
   rows: 3
   cols: 3
   dt: d
   data: [-3.6726e-06,  -2.7559e-01,   9.6128e-01,
          -9.9982e-01,   1.8015e-02,   5.1610e-03,
          -1.8740e-02,  -9.6111e-01,  -2.7554e-01 ]
XT: !!opencv-matrix
   rows: 3
   cols: 1
   dt: d
   data: [ 0.262329,
           0.051618,
           0.244386 ]
