%YAML:1.0
K1: !!opencv-matrix
   rows: 3
   cols: 3
   dt: d
   data: [ 5.2893821187564561e+02, 0., 4.8852760395890135e+02, 0.,
       5.2904684172047848e+02, 2.9735558445743783e+02, 0., 0., 1. ]
K2: !!opencv-matrix
   rows: 3
   cols: 3
   dt: d
   data: [ 5.2947265793786835e+02, 0., 4.8820361285017663e+02, 0.,
       5.2943662598260539e+02, 3.0257955461393470e+02, 0., 0., 1. ]
D1: !!opencv-matrix
   rows: 1
   cols: 5
   dt: d
   data: [ -1.5671472226261787e-01, 1.0280504734017634e-01,
       -3.4545874213726764e-04, 2.3202189225951466e-05,
       -3.5768150016257216e-02 ]
D2: !!opencv-matrix
   rows: 1
   cols: 5
   dt: d
   data: [ -1.5206680901666955e-01, 9.1760130155897401e-02,
       -1.6069809170855977e-04, 5.7255475814651645e-04,
       -2.5717147501060862e-02 ]
R: !!opencv-matrix
   rows: 3
   cols: 3
   dt: d
   data: [ 9.9968205888116202e-01, 1.1179477724977172e-02,
       2.2600894427383868e-02, -1.0849075208639751e-02,
       9.9983324946554286e-01, -1.4689139875800176e-02,
       -2.2761342628199469e-02, 1.4439270790808090e-02,
       9.9963664835818788e-01 ]
T: [ -7.3519807342225185e-02, -8.9657655220384575e-04,
    -8.6719807839413969e-05 ]
E: !!opencv-matrix
   rows: 3
   cols: 3
   dt: d
   data: [ 1.9466456379792911e-05, 7.3759435643148301e-05,
       -8.9752461902894781e-04, -1.7601017609222866e-03,
       1.0606029245423751e-03, 7.3491133854299937e-02,
       1.6939134128322202e-03, -7.3497524617463589e-02,
       1.1002061656942533e-03 ]
F: !!opencv-matrix
   rows: 3
   cols: 3
   dt: d
   data: [ -8.0689256667780782e-08, -3.0567309581138415e-07,
       2.0981087717162664e-03, 7.2961902024958992e-06,
       -4.3956388837015275e-06, -1.6339543058838113e-01,
       -5.8858928915580706e-03, 1.6275011328542763e-01,
       9.9999999999999989e-01 ]
R1: !!opencv-matrix
   rows: 3
   cols: 3
   dt: d
   data: [ 9.9944789521131483e-01, 2.3387754666904469e-02,
       2.3599103570122799e-02, -2.3213667243981755e-02,
       9.9970145494860163e-01, -7.6240820257140523e-03,
       -2.3770368334512258e-02, 7.0720509959852360e-03,
       9.9969243054249024e-01 ]
R2: !!opencv-matrix
   rows: 3
   cols: 3
   dt: d
   data: [ 9.9992495335999609e-01, 1.2194118830763462e-02,
       1.1794549379795863e-03, -1.2202457590388292e-02,
       9.9989859222578992e-01, 7.3420224487739808e-03,
       -1.0898058378810624e-03, -7.3558637035188367e-03,
       9.9997235141398333e-01 ]
P1: !!opencv-matrix
   rows: 3
   cols: 4
   dt: d
   data: [ 4.3413767101329955e+02, 0., 4.7893379211425781e+02, 0., 0.,
       4.3413767101329955e+02, 2.9952559280395508e+02, 0., 0., 0., 1.,
       0. ]
P2: !!opencv-matrix
   rows: 3
   cols: 4
   dt: d
   data: [ 4.3413767101329955e+02, 0., 4.7893379211425781e+02,
       -3.1920113430161596e+01, 0., 4.3413767101329955e+02,
       2.9952559280395508e+02, 0., 0., 0., 1., 0. ]
Q: !!opencv-matrix
   rows: 4
   cols: 4
   dt: d
   data: [ 1., 0., 0., -4.7893379211425781e+02, 0., 1., 0.,
       -2.9952559280395508e+02, 0., 0., 0., 4.3413767101329955e+02, 0.,
       0., 1.3600755898413539e+01, 0. ]
XR: !!opencv-matrix
   rows: 3
   cols: 3
   dt: d
   data: [ 0.00080,   0.00080,   1.00000,
          -1.00000,   0.00000,   0.00080,
           0.00000,  -1.00000,   0.00080 ]
XT: !!opencv-matrix
   rows: 3
   cols: 1
   dt: d
   data: [ 0.262329,
           0.051618,
           0.244386 ]
