%YAML:1.0
K1: !!opencv-matrix
   rows: 3
   cols: 3
   dt: d
   data: [ 3.5420568227989077e+02, 0., 3.1439455585242041e+02, 0.,
       3.5428881086201352e+02, 1.9972850701041787e+02, 0., 0., 1. ]
K2: !!opencv-matrix
   rows: 3
   cols: 3
   dt: d
   data: [ 3.5470447189145199e+02, 0., 3.1426945651592888e+02, 0.,
       3.5484749479183904e+02, 1.9423515839229827e+02, 0., 0., 1. ]
D1: !!opencv-matrix
   rows: 1
   cols: 5
   dt: d
   data: [ -1.5343142988091119e-01, 9.7464787310540368e-02,
       -1.5046695745135933e-03, -2.7075482421796179e-04,
       -2.9509404211962211e-02 ]
D2: !!opencv-matrix
   rows: 1
   cols: 5
   dt: d
   data: [ -1.5621677785619154e-01, 1.0912295849662985e-01,
       -5.4106216679323073e-04, -1.2220652951398015e-03,
       -3.8286343532357284e-02 ]
R: !!opencv-matrix
   rows: 3
   cols: 3
   dt: d
   data: [ 9.9985162833722974e-01, 1.5193908081611945e-03,
       1.7158460390209018e-02, -1.7449432109554693e-03,
       9.9991217089919360e-01, 1.3137947360691590e-02,
       -1.7136991701603786e-02, -1.3165938600564640e-02,
       9.9976646351844856e-01 ]
T: [ -6.9731603195668873e-02, 1.9889506895468105e-03,
    5.7808531042385870e-04 ]
E: !!opencv-matrix
   rows: 3
   cols: 3
   dt: d
   data: [ -3.3075905423885624e-05, -6.0422094036897880e-04,
       1.9808913426224567e-03, -6.1699036635857747e-04,
       -9.1720366868612232e-04, 6.9725237376306690e-02,
       -1.8669778980405114e-03, -6.9728500725057985e-02,
       -9.5025746378599890e-04 ]
F: !!opencv-matrix
   rows: 3
   cols: 3
   dt: d
   data: [ 3.2275697494962107e-07, 5.8946463505486123e-06,
       -8.1254826217533535e-03, 6.0182080645022836e-06,
       8.9444303333428579e-06, -2.4457718543956122e-01,
       5.1916611341925488e-03, 2.3769997535033993e-01, 1. ]
R1: !!opencv-matrix
   rows: 3
   cols: 3
   dt: d
   data: [ 9.9960259751151570e-01, -2.6880046249970355e-02,
       8.4917702412529838e-03, 2.6822590356745321e-02,
       9.9961701953629511e-01, 6.8090307627813630e-03,
       -8.6715451209693466e-03, -6.5785535624273373e-03,
       9.9994076171453339e-01 ]
R2: !!opencv-matrix
   rows: 3
   cols: 3
   dt: d
   data: [ 9.9955914922014566e-01, -2.8510370735430689e-02,
       -8.2864932768363982e-03, 2.8454252040217769e-02,
       9.9957187686311411e-01, -6.8131142059559427e-03,
       8.4771900492155664e-03, 6.5743246710163348e-03,
       9.9994245609634436e-01 ]
P1: !!opencv-matrix
   rows: 3
   cols: 4
   dt: d
   data: [ 2.9215783375936871e+02, 0., 3.1271960830688477e+02, 0., 0.,
       2.9215783375936871e+02, 1.9590815544128418e+02, 0., 0., 0., 1.,
       0. ]
P2: !!opencv-matrix
   rows: 3
   cols: 4
   dt: d
   data: [ 2.9215783375936871e+02, 0., 3.1271960830688477e+02,
       -2.0381619387015956e+01, 0., 2.9215783375936871e+02,
       1.9590815544128418e+02, 0., 0., 0., 1., 0. ]
Q: !!opencv-matrix
   rows: 4
   cols: 4
   dt: d
   data: [ 1., 0., 0., -3.1271960830688477e+02, 0., 1., 0.,
       -1.9590815544128418e+02, 0., 0., 0., 2.9215783375936871e+02, 0.,
       0., 1.4334377863296128e+01, 0. ]
XR: !!opencv-matrix
   rows: 3
   cols: 3
   dt: d
   data: [ 0.00080,   0.00080,   1.00000,
          -1.00000,   0.00000,   0.00080,
           0.00000,  -1.00000,   0.00080 ]
XT: !!opencv-matrix
   rows: 3
   cols: 1
   dt: d
   data: [ 0.,
           0.,
           0.244386 ]