%YAML:1.0
K1: !!opencv-matrix
   rows: 3
   cols: 3
   dt: d
   data: [ 3.5205267371781071e+02, 0., 3.1587146202071767e+02, 0.,
       3.5191736946083603e+02, 2.0337820044380706e+02, 0., 0., 1. ]
K2: !!opencv-matrix
   rows: 3
   cols: 3
   dt: d
   data: [ 3.5281369673674908e+02, 0., 3.1623542238043387e+02, 0.,
       3.5259467606851399e+02, 1.9709467654079779e+02, 0., 0., 1. ]
D1: !!opencv-matrix
   rows: 1
   cols: 5
   dt: d
   data: [ -1.5359086087473581e-01, 7.8616575341587752e-02,
       -1.4223094723669736e-04, 2.2930593380527582e-04,
       -3.3998313872888450e-03 ]
D2: !!opencv-matrix
   rows: 1
   cols: 5
   dt: d
   data: [ -1.5760459323059167e-01, 1.0105153705615252e-01,
       7.2941365755063291e-04, -9.9388069318021672e-04,
       -3.0203071251135409e-02 ]
R: !!opencv-matrix
   rows: 3
   cols: 3
   dt: d
   data: [ 9.9982788842517545e-01, -1.9333048017453908e-03,
       1.8451446008336290e-02, 1.6125753836276004e-03,
       9.9984763126155707e-01, 1.7381422878622359e-02,
       -1.8482238173097954e-02, -1.7348676986932658e-02,
       9.9967866351088841e-01 ]
T: [ -7.2963278227667808e-02, 8.2062017746088983e-04,
    8.7368715747859163e-04 ]
E: !!opencv-matrix
   rows: 3
   cols: 3
   dt: d
   data: [ -1.6575783972623622e-05, -8.8779070925634111e-04,
       8.0517055630641350e-04, -4.7498790028775489e-04,
       -1.2675054494562818e-03, 7.2955953255422437e-02,
       -9.3813772560852305e-04, -7.2950574396082102e-02,
       -1.2833472223834448e-03 ]
F: !!opencv-matrix
   rows: 3
   cols: 3
   dt: d
   data: [ 1.4726561705226310e-07, 7.8905054384642813e-06,
       -4.1696628125144032e-03, 4.2225958477531765e-06,
       1.1272331421847390e-05, -2.3195759337798058e-01,
       2.0618010369772739e-03, 2.2403685934942155e-01, 1. ]
R1: !!opencv-matrix
   rows: 3
   cols: 3
   dt: d
   data: [ 9.9989614721569053e-01, -1.2969132172947902e-02,
       6.2846156524401023e-03, 1.2913707000442150e-02,
       9.9987805821833464e-01, 8.7809375945314579e-03,
       -6.3977304354762461e-03, -8.6988679845674127e-03,
       9.9994169767095020e-01 ]
R2: !!opencv-matrix
   rows: 3
   cols: 3
   dt: d
   data: [ 9.9986508704703081e-01, -1.1245512607171352e-02,
       -1.1972725280222061e-02, 1.1140436346808282e-02,
       9.9989915757562886e-01, -8.8071197079563224e-03,
       1.2070558497287167e-02, 8.6725501295472299e-03,
       9.9988953814499626e-01 ]
P1: !!opencv-matrix
   rows: 3
   cols: 4
   dt: d
   data: [ 2.8894398704995581e+02, 0., 3.1744575881958008e+02, 0., 0.,
       2.8894398704995581e+02, 2.0025208854675293e+02, 0., 0., 0., 1.,
       0. ]
P2: !!opencv-matrix
   rows: 3
   cols: 4
   dt: d
   data: [ 2.8894398704995581e+02, 0., 3.1744575881958008e+02,
       -2.1085145178537395e+01, 0., 2.8894398704995581e+02,
       2.0025208854675293e+02, 0., 0., 0., 1., 0. ]
Q: !!opencv-matrix
   rows: 4
   cols: 4
   dt: d
   data: [ 1., 0., 0., -3.1744575881958008e+02, 0., 1., 0.,
       -2.0025208854675293e+02, 0., 0., 0., 2.8894398704995581e+02, 0.,
       0., 1.3703675483537690e+01, 0. ]
XR: !!opencv-matrix
   rows: 3
   cols: 3
   dt: d
   data: [ 0.00080,   0.00080,   1.00000,
          -1.00000,   0.00000,   0.00080,
           0.00000,  -1.00000,   0.00080 ]
XT: !!opencv-matrix
   rows: 3
   cols: 1
   dt: d
   data: [ 0.,
           0.,
           0.244386 ]