%YAML:1.0
K1: !!opencv-matrix
   rows: 3
   cols: 3
   dt: d
   data: [ 1.7624908937474763e+02, 0., 1.6200081346535606e+02, 0.,
       1.7631973453553672e+02, 9.8954162508572409e+01, 0., 0., 1. ]
K2: !!opencv-matrix
   rows: 3
   cols: 3
   dt: d
   data: [ 1.7656117398718871e+02, 0., 1.6207466307223123e+02, 0.,
       1.7666512488184159e+02, 1.0044351528598604e+02, 0., 0., 1. ]
D1: !!opencv-matrix
   rows: 1
   cols: 5
   dt: d
   data: [ -1.5822088187620378e-01, 1.0627690069313717e-01,
       -2.0772232645561363e-04, -3.1321398983229508e-04,
       -3.2934619582644993e-02 ]
D2: !!opencv-matrix
   rows: 1
   cols: 5
   dt: d
   data: [ -1.5622207415614087e-01, 1.0091510898060874e-01,
       -4.5207675271163688e-04, -3.4505090880272596e-04,
       -2.9565483942714049e-02 ]
R: !!opencv-matrix
   rows: 3
   cols: 3
   dt: d
   data: [ 9.9977303147615681e-01, 1.3925632527865096e-02,
       1.6123346168658608e-02, -1.3566714819914467e-02,
       9.9966237958701631e-01, -2.2160123813262194e-02,
       -1.6426496338861975e-02, 2.1936353323259144e-02,
       9.9962441277757241e-01 ]
T: [ -7.1364662505225468e-02, 2.4834777527855379e-03,
    5.6655322142876109e-04 ]
E: !!opencv-matrix
   rows: 3
   cols: 3
   dt: d
   data: [ -3.3108572228348949e-05, -5.1188349604060787e-04,
       2.4950998798080725e-03, -6.0584673568579175e-04,
       1.5733700634788649e-03, 7.1346993583567719e-02,
       -1.5147300570781542e-03, -7.1375152336974432e-02,
       1.5414077854971429e-03 ]
F: !!opencv-matrix
   rows: 3
   cols: 3
   dt: d
   data: [ -3.5834499960959585e-05, -5.5380641475950886e-04,
       5.3657242972030694e-01, -6.5534207415316012e-04,
       1.7012264259230801e-03, 1.3539981240779662e+01,
       -2.1782913298161602e-01, -1.3715301912295796e+01, 1. ]
R1: !!opencv-matrix
   rows: 3
   cols: 3
   dt: d
   data: [ 9.9973890072363392e-01, -2.1023204452727425e-02,
       8.9529466902842775e-03, 2.1119626339272935e-02,
       9.9971845851988239e-01, -1.0815039432183215e-02,
       -8.7230592792745618e-03, 1.1001298521947853e-02,
       9.9990143497628869e-01 ]
R2: !!opencv-matrix
   rows: 3
   cols: 3
   dt: d
   data: [ 9.9936358150005833e-01, -3.4777677557399356e-02,
       -7.9337957555111228e-03, 3.4862170108936316e-02,
       9.9933407182626399e-01, 1.0772278423571813e-02,
       7.5538775918193744e-03, -1.1042012083534700e-02,
       9.9991050244633140e-01 ]
P1: !!opencv-matrix
   rows: 3
   cols: 4
   dt: d
   data: [ 1.4437400021583352e+02, 0., 1.6176050758361816e+02, 0., 0.,
       1.4437400021583352e+02, 9.9635599136352539e+01, 0., 0., 0., 1.,
       0. ]
P2: !!opencv-matrix
   rows: 3
   cols: 4
   dt: d
   data: [ 1.4437400021583352e+02, 0., 1.6176050758361816e+02,
       -1.0309763123914388e+01, 0., 1.4437400021583352e+02,
       9.9635599136352539e+01, 0., 0., 0., 1., 0. ]
Q: !!opencv-matrix
   rows: 4
   cols: 4
   dt: d
   data: [ 1., 0., 0., -1.6176050758361816e+02, 0., 1., 0.,
       -9.9635599136352539e+01, 0., 0., 0., 1.4437400021583352e+02, 0.,
       0., 1.4003619528458954e+01, 0. ]
XR: !!opencv-matrix
   rows: 3
   cols: 3
   dt: d
   data: [ 0.00080,   0.00080,   1.00000,
          -1.00000,   0.00000,   0.00080,
           0.00000,  -1.00000,   0.00080 ]
XT: !!opencv-matrix
   rows: 3
   cols: 1
   dt: d
   data: [ 0.262329,
           0.051618,
           0.244386 ]
