%YAML:1.0
K1: !!opencv-matrix
   rows: 3
   cols: 3
   dt: d
   data: [ 2.2484457604489293e+02, 0., 1.5741513672538122e+02, 0.,
       2.2601110653153984e+02, 9.9453482566414948e+01, 0., 0., 1. ]
K2: !!opencv-matrix
   rows: 3
   cols: 3
   dt: d
   data: [ 2.2651806973074162e+02, 0., 1.6338925994813053e+02, 0.,
       2.2718142739492663e+02, 9.2876038721774364e+01, 0., 0., 1. ]
D1: !!opencv-matrix
   rows: 1
   cols: 5
   dt: d
   data: [ 1.0755056508866268e-01, -2.5987240020379759e-01,
       1.0365606932854123e-03, -1.8307010968577191e-04,
       1.9442748068505195e-01 ]
D2: !!opencv-matrix
   rows: 1
   cols: 5
   dt: d
   data: [ 1.0718311146272189e-01, -2.3544886655504416e-01,
       8.8346301046086267e-04, -1.7756099746589460e-03,
       1.0651602705256341e-01 ]
R: !!opencv-matrix
   rows: 3
   cols: 3
   dt: d
   data: [ 9.9823916157306491e-01, -5.9219129904445209e-02,
       3.4162779841312202e-03, 5.9149195091298234e-02,
       9.9808966506625441e-01, 1.7843576098517677e-02,
       -4.4664327998927070e-03, -1.7610086351079985e-02,
       9.9983495429833391e-01 ]
T: [ -9.3802474290589119e-02, -2.0168094523606806e-03,
    3.5089228649286958e-03 ]
E: !!opencv-matrix
   rows: 3
   cols: 3
   dt: d
   data: [ -1.9854201920882714e-04, -3.4667034583902578e-03,
       -2.0790883187936727e-03, 3.0837817708283984e-03,
       -1.8596650311651251e-03, 9.3798980051333275e-02,
       -3.5350826750833847e-03, -9.3742713848031886e-02,
       -1.6668816065030874e-03 ]
F: !!opencv-matrix
   rows: 3
   cols: 3
   dt: d
   data: [ -8.5510545286400342e-07, -1.4853765697193640e-05,
       -4.0150010436616556e-04, 1.3242833126777022e-05,
       -7.9448303573769166e-06, 8.9274149237812447e-02,
       -4.5390400083394258e-03, -8.7818169188471240e-02, 1. ]
R1: !!opencv-matrix
   rows: 3
   cols: 3
   dt: d
   data: [ 9.9874877890148095e-01, -3.7066367574018752e-02,
       -3.3570240357621038e-02, 3.7380327082832510e-02,
       9.9926259843707055e-01, 8.7732839902799811e-03,
       3.3220291840698433e-02, -1.0017173237065217e-02,
       9.9939785293463457e-01 ]
R2: !!opencv-matrix
   rows: 3
   cols: 3
   dt: d
   data: [ 9.9907049643613277e-01, 2.1480614834797414e-02,
       -3.7372802104985121e-02, -2.1830983282059797e-02,
       9.9972123520700440e-01, -8.9922213673668556e-03,
       3.7169225439841011e-02, 9.7997480835164668e-03,
       9.9926093369935254e-01 ]
P1: !!opencv-matrix
   rows: 3
   cols: 4
   dt: d
   data: [ 2.2601110653153984e+02, 0., 1.7199028396606445e+02, 0., 0.,
       2.2601110653153984e+02, 9.6289359092712402e+01, 0., 0., 0., 1.,
       0. ]
P2: !!opencv-matrix
   rows: 3
   cols: 4
   dt: d
   data: [ 2.2601110653153984e+02, 0., 1.7199028396606445e+02,
       -2.1220125191803856e+01, 0., 2.2601110653153984e+02,
       9.6289359092712402e+01, 0., 0., 0., 1., 0. ]
Q: !!opencv-matrix
   rows: 4
   cols: 4
   dt: d
   data: [ 1., 0., 0., -1.7199028396606445e+02, 0., 1., 0.,
       -9.6289359092712402e+01, 0., 0., 0., 2.2601110653153984e+02, 0.,
       0., 1.0650790440144776e+01, 0. ]
XR: !!opencv-matrix
   rows: 3
   cols: 3
   dt: d
   data: [-3.6726e-06,  -5.0485e-01,   8.6321e-01,
          -9.9984e-01,   1.5539e-02,   9.0836e-03,
          -1.7999e-02,  -8.6307e-01,  -5.0476e-01 ]
XT: !!opencv-matrix
   rows: 3
   cols: 1
   dt: d
   data: [ 0.262329,
           0.051618,
           0.244386 ]
